970
163 387
51 101
250 115
116 105
10 21
108 366
872 680
225 211
654 799
125 505
764 745
961 810
393 520
690 419
267 423
780 410
287 356
138 232
141 48
605 537
42 129
88 522
595 460
83 222
837 667
45 712
887 873
12 729
426 134
45 122
90 663
415 493
221 282
877 749
292 386
162 167
671 437
367 841
66 35
584 135
119 19
206 600
202 617
582 57
95 196
219 388
102 247
666 166
134 83
842 334
137 135
474 386
495 551
574 381
70 259
336 120
428 766
20 139
81 546
38 10
389 49
16 53
809 648
792 106
686 341
809 912
265 349
783 535
80 331
426 952
63 569
324 55
715 674
570 954
5 23
619 279
529 155
209 109
34 329
791 47
33 19
2 48
945 473
275 279
99 95
464 348
270 587
53 170
95 779
803 199
878 631
149 920
205 753
69 256
653 488
904 626
239 222
361 927
867 93
588 758
39 267
2 56
203 851
367 143
533 122
17 71
532 278
272 247
197 11
292 485
677 184
159 1
321 722
175 89
152 193
300 456
365 689
704 83
619 823
262 289
119 223
357 623
354 880
345 174
164 88
6 8
625 512
103 20
211 789
328 72
322 190
341 637
8 96
74 66
214 536
898 123
847 507
510 287
97 874
4 271
866 826
752 150
861 849
76 156
698 737
967 420
217 97
183 10
307 400
407 147
508 431
265 66
17 397
85 811
128 119
112 210
352 243
450 479
65 92
816 594
539 770
134 703
306 771
467 711
290 289
413 228
787 71
503 396
81 647
36 79
146 161
665 93
207 353
230 364
147 52
430 661
797 110
39 4
299 817
741 528
643 30
633 463
97 154
213 17
373 846
50 102
11 43
44 251
348 38
394 812
394 116
411 858
867 882
793 379
317 576
815 57
736 723
425 494
248 484
131 313
706 188
317 181
31 49
178 905
668 895
430 754
147 434
186 635
38 40
459 78
875 274
254 693
493 801
164 302
405 548
405 265
301 395
565 148
966 598
360 257
260 264
133 25
231 159
339 826
1 3
727 503
309 113
185 420
748 695
68 224
287 151
327 742
177 286
258 772
673 310
439 124
564 908
554 855
198 261
240 139
325 170
198 65
935 374
684 761
489 864
839 531
113 75
902 754
154 321
311 289
694 907
838 107
20 70
14 41
527 639
119 475
208 216
730 703
597 499
3 9
427 53
113 744
81 67
271 667
3 571
613 211
650 88
921 65
929 149
452 906
660 726
172 732
90 238
602 790
280 943
934 149
555 856
103 135
970 665
21 115
893 340
583 544
32 94
434 455
13 5
807 602
33 148
287 391
150 97
39 713
532 626
664 114
699 567
376 307
381 146
136 51
51 107
707 629
540 448
407 549
885 166
312 304
10 769
685 479
526 550
678 296
51 31
129 629
255 802
136 179
593 606
375 112
806 310
915 678
285 293
652 557
513 372
230 115
887 892
141 359
192 684
607 175
286 511
720 464
182 487
202 91
211 845
167 280
128 343
236 429
421 208
365 230
558 43
646 298
221 14
834 745
97 212
338 676
335 96
24 12
443 21
879 206
81 430
928 588
294 23
40 412
261 788
80 54
71 149
59 39
411 68
76 172
352 555
899 415
61 5
159 628
592 153
850 649
17 296
242 232
522 735
196 526
468 392
340 390
584 724
310 16
426 460
204 292
90 575
702 396
55 297
174 48
188 435
288 254
918 690
12 27
640 552
263 114
219 480
210 320
59 531
64 566
111 339
326 408
136 257
518 692
195 6
376 538
807 853
687 200
5 35
917 672
415 140
848 22
98 104
469 589
718 531
1 95
242 782
556 306
303 102
738 206
682 256
341 190
145 759
204 97
45 363
192 372
89 54
447 957
742 805
454 610
897 250
931 783
548 580
90 114
1 561
696 424
695 448
183 332
104 143
360 469
939 329
759 796
517 642
205 142
719 109
252 830
380 65
67 481
120 51
13 76
662 199
323 2
32 208
448 12
55 598
373 852
15 151
371 814
305 453
121 123
47 669
168 118
731 359
314 467
734 26
300 371
545 680
284 804
452 516
119 181
305 432
54 162
11 12
20 913
300 39
565 723
351 75
215 497
486 263
581 198
380 416
525 492
649 606
155 77
48 562
17 52
924 445
62 106
67 828
253 495
267 401
50 654
718 784
36 57
145 326
356 765
93 630
483 745
570 326
261 337
621 610
214 266
406 452
84 938
83 743
252 209
567 818
930 90
6 36
688 480
476 46
57 379
21 959
602 33
567 421
177 120
756 330
798 625
173 89
221 253
218 398
454 98
964 179
36 369
868 776
142 121
421 603
330 253
176 512
670 388
46 757
509 601
83 97
211 129
88 244
404 340
355 269
187 50
186 83
131 316
29 234
11 19
506 188
92 883
118 277
169 424
432 463
192 74
203 612
254 175
886 779
409 155
577 504
446 131
748 844
493 940
100 16
28 884
602 694
622 116
267 399
145 17
44 535
60 112
276 658
227 378
739 231
208 896
396 286
410 547
224 245
90 422
211 447
647 795
314 275
864 925
344 560
42 93
92 98
342 760
30 220
473 127
26 1
46 55
7 5
372 624
14 13
40 47
843 335
243 128
663 901
31 29
155 227
833 228
375 631
701 78
743 942
101 691
207 914
543 431
92 564
245 357
246 178
820 5
910 477
102 110
509 494
13 284
863 549
588 614
124 105
315 188
212 539
274 450
258 393
150 962
289 382
169 527
655 607
307 186
588 502
216 709
421 596
507 38
586 125
500 326
277 900
720 926
618 118
937 72
58 3
268 241
152 39
46 451
433 835
498 101
392 334
951 955
156 319
749 960
953 547
149 857
274 31
117 144
95 700
299 298
501 318
5 2
371 471
827 94
16 18
25 916
61 158
147 269
75 68
147 458
349 644
708 266
468 542
648 714
158 308
932 737
283 9
2 1
217 433
262 128
318 138
332 340
249 42
659 573
229 29
248 204
125 79
939 941
518 353
107 534
334 94
6 342
77 775
4 180
552 60
958 27
41 84
620 37
800 771
141 470
61 166
781 713
338 174
192 428
15 2
2 117
746 381
256 482
157 116
53 950
949 663
180 235
965 895
370 193
462 819
106 368
235 854
278 165
598 604
112 947
57 111
477 441
99 108
387 725
5 60
163 122
414 37
182 132
265 285
34 63
117 554
572 335
701 891
956 462
627 494
203 219
419 98
422 767
379 563
528 462
545 207
82 31
651 625
11 17
206 73
17 226
822 206
305 159
327 763
594 305
821 634
611 94
49 77
144 191
157 228
813 754
705 627
933 253
776 555
544 130
88 60
238 675
134 169
17 65
190 786
418 499
259 515
436 227
55 83
521 334
408 462
203 172
88 178
108 668
270 165
418 211
301 361
440 104
233 634
377 98
367 483
636 297
8 20
25 1
889 797
728 253
28 126
189 218
566 785
176 105
135 304
101 165
919 266
373 374
33 160
91 82
909 796
28 2
810 325
454 490
255 121
143 358
869 482
573 495
50 17
201 37
3 32
4 6
610 865
10 4
4 184
289 553
502 683
323 593
121 108
406 491
49 333
590 561
78 131
106 354
190 176
599 497
4 3
596 710
71 85
944 587
890 229
42 199
257 260
457 387
42 20
237 6
181 492
105 63
23 62
22 86
80 638
679 559
466 502
530 380
488 476
161 189
98 138
537 212
431 280
225 281
10 29
377 951
733 358
322 441
524 310
547 657
109 63
332 648
37 26
521 523
194 241
5 153
547 721
515 773
64 62
894 165
836 608
70 541
871 398
96 406
150 963
615 422
859 335
111 207
106 273
681 563
118 49
717 655
359 716
4 11
229 873
318 747
60 344
829 575
397 750
404 478
438 60
340 465
45 42
238 559
87 40
200 99
46 54
479 751
130 194
697 684
410 143
876 411
311 445
2 16
969 617
233 591
329 466
45 306
213 362
303 755
749 316
102 888
30 672
373 83
142 276
437 44
701 774
745 778
55 346
402 29
444 191
76 233
165 519
301 25
225 579
26 78
215 194
32 188
228 968
608 431
27 130
65 67
132 59
762 367
185 17
384 165
201 948
127 111
113 140
45 46
413 660
923 300
284 383
15 69
677 903
200 295
461 117
832 721
517 499
489 496
777 567
38 68
58 825
609 364
936 692
388 417
918 922
291 258
63 946
4 504
148 557
494 616
392 831
314 578
347 221
255 568
26 472
72 73
